11.933860    20.0000
22.629580    333.3333
21.492340    36.1718
8.712177    7.8470
0.590245    3.0136
11.933860    3.3949
22.629580    2.7337
21.492340    3.1688
8.712177    2.8805
0.590245    4.5179
13.027870    3.6861
22.629580    4.2532
21.149800    3.6237
7.246809    3.6598
1.361811    2.7416
13.027870    2.9254
22.629580    3.0902
21.149800    3.4905
7.246809    3.1545
1.361811    3.6972
14.815670    3.8022
22.629580    3.6891
19.793680    3.5546
6.334130    4.0596
1.831047    3.3891
14.815670    2.8332
22.629580    3.5190
19.793680    3.5347
6.334130    3.0951
1.831047    3.6426
16.021950    3.3137
22.629580    3.6097
18.446280    3.7997
5.441555    3.6816
3.524018    3.4200
16.021950    3.0553
22.629580    3.7682
18.446280    3.7228
5.441555    3.6399
3.524018    3.5835
16.934630    3.7101
22.468360    3.8091
17.280200    3.7025
5.012527    3.5382
4.612329    3.3026
16.934630    3.2021
22.468360    3.6273
17.280200    3.5455
5.012527    3.3207
4.612329    3.6703
17.841620    3.8987
22.243800    3.6284
16.240830    3.5345
4.387763    3.8818
5.715055    3.3622
17.841620    2.7652
22.243800    3.3126
16.240830    3.5837
4.387763    3.1835
5.715055    3.5172
18.066180    3.8223
22.097000    3.7669
14.844500    3.9033
3.739858    3.8114
7.217979    3.9122
18.066180    2.9513
22.097000    4.0103
14.844500    3.4699
3.739858    3.7337
7.217979    3.4895
19.324440    4.2724
21.394470    3.6242
13.649590    3.7744
3.564226    3.7802
8.340809    3.5533
19.324440    2.8142
21.394470    3.9082
13.649590    3.3543
3.564226    3.4187
8.340809    4.1974
19.773570    3.9282
19.764840    3.6068
12.146670    3.5381
3.627575    3.6597
9.731450    3.4192
19.773570    3.0737
19.764840    3.7359
12.146670    4.0422
3.627575    3.5049
9.731450    3.8664
20.217010    7.2181
18.584360    4.1041
10.257960    4.2468
4.983697    3.6933
11.029910    3.9624
20.217010    3.1655
18.584360    3.9926
10.257960    3.4938
4.983697    3.5330
11.029910    3.8204
20.539450    4.1156
16.876970    3.7425
8.366602    3.5215
6.383064    3.5451
13.382170    3.3717
20.539450    2.8636
16.876970    3.6610
8.366602    3.5773
6.383064    3.6820
13.382170    4.2762
20.764010    3.8613
15.690790    3.8387
7.658385    4.0760
7.529035    4.2021
15.005710    4.1002
20.764010    2.7488
15.690790    4.8941
7.658385    3.2691
7.529035    3.7008
15.005710    3.6404
20.910820    4.1998
14.596790    3.7676
6.339819    3.4124
8.041516    3.4644
15.932810    3.2686
20.910820    3.0486
14.596790    3.7926
6.339819    3.4882
8.041516    3.5256
15.932810    3.9133
21.380050    3.7568
12.834780    3.6939
4.252339    3.6667
8.945469    3.6706
17.406900    3.4430
21.380050    3.1382
12.834780    3.2318
4.252339    3.6160
8.945469    3.8389
17.406900    4.4397
21.604620    3.3769
11.447180    3.7664
3.325245    3.1656
10.762100    3.7116
19.451140    3.2689
21.604620    2.7328
11.447180    2.9827
3.325245    4.0295
10.762100    3.3863
19.451140    4.0114
20.985540    3.4985
10.114200    3.6399
2.807075    3.6382
12.158430    3.5339
20.363820    3.2282
20.985540    3.1837
10.114200    3.4221
2.807075    3.8464
12.158430    3.5846
20.363820    3.6900
19.853990    3.8305
8.260008    3.7351
2.668999    3.2851
13.379130    3.7038
20.959750    3.1958
19.853990    2.8314
8.260008    3.4803
2.668999    3.7043
13.379130    3.4416
20.959750    4.1882
19.019070    3.6549
6.126631    3.6896
2.438744    3.5721
15.331190    3.3363
21.829180    3.4652
19.019070    2.7665
6.126631    3.0090
2.438744    3.6823
15.331190    3.9631
21.829180    3.5782
18.063150    3.5233
4.666952    3.8289
3.555885    4.3456
17.064360    3.5575
22.327250    3.4534
18.063150    2.4613
4.666952    3.0086
3.555885    3.4663
17.064360    3.5337
22.327250    3.7512
16.686920    3.5165
4.071018    4.1569
4.313036    3.4892
18.334000    6.7739
22.566230    4.0343
16.686920    2.8981
4.071018    3.8358
4.313036    3.7310
18.334000    3.5881
22.566230    3.7884
9.786073    3.4842
22.278320    3.5070
21.702490    3.5975
10.255310    3.7057
0.336849    3.2228
9.786073    3.2531
22.278320    2.8012
21.702490    3.0328
10.255310    2.9566
0.336849    3.3227
11.660370    3.9312
22.278320    3.9344
21.247660    3.7743
9.175724    4.4624
1.292773    3.5578
11.660370    3.7920
22.278320    3.6634
21.247660    3.4562
9.175724    3.2530
1.292773    3.6932
12.719850    3.5142
22.278320    3.9112
20.144940    3.9919
7.667111    3.5819
1.796528    3.4365
12.719850    3.5830
22.278320    3.4662
20.144940    3.4523
7.667111    3.2450
1.796528    4.0360
14.478820    4.0082
22.278320    3.7245
18.783130    3.5734
6.763158    3.4822
3.138235    3.5010
14.478820    3.2177
22.278320    3.4360
18.783130    3.2929
6.763158    3.4883
3.138235    3.4914
15.811800    3.6463
22.068160    3.6733
17.758170    3.6511
5.919517    3.7347
4.465527    3.8164
15.811800    3.3095
22.068160    3.4146
17.758170    3.4941
5.919517    3.4288
4.465527    3.4602
16.773410    3.7854
21.955880    4.1275
16.669860    3.7198
5.412725    3.4190
5.412725    3.4926
16.773410    3.3865
21.955880    3.4094
16.669860    3.6454
5.412725    3.3620
5.412725    3.1986
17.300310    3.9306
21.696800    3.7686
14.956780    3.3169
5.124810    3.4025
6.881130    3.6870
17.300310    3.2000
21.696800    3.6226
14.956780    3.6373
5.124810    3.1469
6.881130    3.4625
17.792680    3.5041
21.155490    3.2964
14.064210    3.5635
4.427971    3.6938
8.277460    3.5840
17.792680    3.4921
21.155490    3.1400
14.064210    3.1177
4.427971    3.5083
8.277460    3.3957
18.840790    4.1660
19.462520    3.7363
12.961480    4.1011
4.856999    3.7180
9.437846    3.6788
18.840790    3.4745
19.462520    3.2624
12.961480    3.7653
4.856999    3.4938
9.437846    3.7097
19.367680    3.4121
18.184160    4.0148
11.297340    4.0098
6.247640    3.5280
10.770830    3.3084
19.367680    3.8106
18.184160    6.8914
11.297340    3.7382
6.247640    3.4568
10.770830    3.3931
20.055800    3.2244
16.554530    3.1734
9.290659    3.6588
7.583658    3.4833
12.771820    3.7371
20.055800    3.8102
16.554530    3.4018
9.290659    3.6995
7.583658    3.5421
12.771820    3.5133
20.378230    3.7539
15.333840    4.0200
7.897366    3.4863
8.251667    4.0125
14.775460    3.2892
20.378230    3.3690
15.333840    3.8123
7.897366    3.5069
8.251667    3.4143
14.775460    3.8415
20.461680    3.7229
14.211010    3.8844
6.774536    3.7152
9.043337    3.4801
15.595960    3.3027
20.461680    3.5010
14.211010    3.3804
6.774536    3.8300
9.043337    3.4397
15.595960    3.9358
20.657420    3.4435
12.351130    3.5318
5.061461    3.3631
10.272760    3.7639
16.782140    3.3800
20.657420    3.9070
12.351130    3.3598
5.061461    3.4345
10.272760    3.8664
16.782140    3.5198
20.170730    3.7381
10.949110    3.6831
3.929905    4.0913
11.591330    3.5332
19.192050    3.8280
20.170730    3.2583
10.949110    3.4636
3.929905    3.3274
11.591330    3.9719
19.192050    3.6074
19.468200    3.6585
9.665064    3.4185
3.811933    3.5040
12.621980    3.1632
20.188180    3.3830
19.468200    3.3280
9.665064    3.4250
3.811933    3.1690
12.621980    3.6374
20.188180    3.6705
18.604460    3.6379
7.517272    3.7660
4.074055    4.1334
14.096070    3.5031
20.764010    3.7670
18.604460    3.2947
7.517272    3.5790
4.074055    3.4792
14.096070    3.7526
20.764010    4.1867
17.438380    3.9185
5.516282    3.2359
4.537602    3.3816
16.088340    3.6550
21.492340    3.4350
17.438380    3.8388
5.516282    3.3945
4.537602    3.9880
16.088340    3.7841
21.492340    4.0218
16.476770    3.8082
4.534565    3.5411
4.790998    3.3671
17.738060    4.3715
22.341660    3.6427
16.476770    3.7835
4.534565    3.4835
4.790998    3.6762
17.738060    3.9638
22.341660    4.0703
15.114960    3.6925
3.889697    3.5407
5.703677    3.5531
18.495210    3.5035
22.517300    3.9398
15.114960    3.6591
3.889697    3.5355
5.703677    3.5987
18.495210    3.8966
22.517300    7.1623
8.496337    3.7126
22.180450    3.5764
21.941470    3.8051
12.570010    4.1447
0.463547    3.4187
8.496337    3.5589
22.180450    3.3386
21.941470    3.0112
12.570010    3.2793
0.463547    3.4493
9.443535    4.0844
22.180450    3.5450
21.394470    3.6754
10.963530    3.4023
1.292773    4.2825
9.443535    3.5674
22.180450    3.3866
21.394470    3.4106
10.963530    3.4187
1.292773    3.1925
11.372450    3.9192
22.180450    3.6395
20.861880    3.8075
9.644960    3.9225
1.952056    3.7387
11.372450    3.9128
22.180450    3.2699
20.861880    3.4759
9.644960    3.5650
1.952056    3.4101
12.656500    3.4554
22.131510    4.0304
19.295610    3.8692
8.326394    3.9911
3.074886    3.6301
12.656500    3.8119
22.131510    3.7643
19.295610    3.9456
8.326394    3.4058
3.074886    3.5242
13.995170    3.6254
21.970300    3.4800
18.046080    4.1399
7.310158    3.9580
4.577810    4.2304
13.995170    3.7866
21.970300    3.5611
18.046080    3.4925
7.310158    3.4997
4.577810    3.8026
15.495050    3.4569
21.745730    3.1754
17.055640    3.3960
6.383064    3.3669
5.314857    3.4252
15.495050    3.4343
21.745730    3.5239
17.055640    3.5318
6.383064    3.5774
5.314857    3.2363
16.358800    3.6600
21.521160    3.5293
15.630480    3.4012
5.637291    3.5170
6.705498    3.5560
16.358800    3.4469
21.521160    4.2809
15.630480    3.5058
5.637291    3.2831
6.705498    3.3715
16.928940    4.2382
20.769700    4.8713
14.640030    4.0774
5.890687    4.5267
8.194007    4.2001
16.928940    4.2395
20.769700    4.2336
14.640030    4.3398
5.890687    3.6747
8.194007    4.0147
17.582530    3.8125
18.886680    3.7939
13.347260    3.4718
6.852300    3.3199
9.388912    3.3044
17.582530    3.5472
18.886680    3.8329
13.347260    3.7872
6.852300    3.6225
9.388912    4.0523
18.313890    4.3318
17.340520    3.8520
11.985450    3.6485
7.330262    3.7465
10.672960    3.5357
18.313890    3.4046
17.340520    3.5807
11.985450    3.4367
7.330262    3.7975
10.672960    3.6665
18.947380    3.9326
15.803070    3.7540
9.613093    7.2191
8.813082    3.8142
12.210400    3.4818
18.947380    3.7568
15.803070    3.3761
9.613093    3.4148
8.813082    3.6547
12.210400    3.5968
19.318750    3.7355
14.821360    4.0011
8.234215    3.6280
9.141205    3.6381
14.476170    3.6090
19.318750    3.5050
14.821360    3.8622
8.234215    3.4278
9.141205    3.7158
14.476170    4.0993
19.577840    3.8806
13.571830    3.3837
7.413715    3.9606
9.443535    4.0097
15.610370    3.4984
19.577840    3.3594
13.571830    3.5240
7.413715    3.8048
9.443535    3.8249
15.610370    4.1873
19.232260    3.6068
11.271550    3.8634
6.714224    3.6778
11.337930    3.4996
16.776450    3.2830
19.232260    3.4945
11.271550    3.3300
6.714224    3.9095
11.337930    3.5384
16.776450    3.7356
18.276340    3.6236
10.324350    3.7735
4.949178    3.6715
12.621980    3.9552
19.094180    3.5741
18.276340    3.5536
10.324350    3.3984
4.949178    3.6232
12.621980    3.8332
19.094180    3.7855
17.642850    3.8432
8.879083    3.4779
5.392621    3.3907
13.344610    3.2851
19.909000    3.4252
17.642850    3.4329
8.879083    3.5192
5.392621    3.2443
13.344610    3.8931
19.909000    3.2500
16.925900    3.4569
7.068140    3.1055
5.441555    3.1635
14.959820    3.0776
20.680560    3.2880
16.925900    3.2338
7.068140    3.6330
5.441555    4.2573
14.959820    3.8487
20.680560    3.9206
16.266620    3.6727
5.144914    3.0692
6.026111    3.3254
16.883040    3.1608
21.184320    3.1588
16.266620    3.0965
5.144914    3.2576
6.026111    3.2502
16.883040    3.7838
21.184320    3.5581
14.861560    3.5686
4.500046    3.4810
6.230573    3.3650
18.011560    3.5342
22.194860    3.5183
14.861560    3.4385
4.500046    3.3077
6.230573    3.3663
18.011560    3.4944
22.194860    3.5979
13.108280    3.8907
3.748584    3.6457
8.070346    3.7089
18.670840    3.4716
22.117100    3.7481
13.108280    3.5108
3.748584    3.4046
8.070346    3.6991
18.670840    3.8336
22.117100    3.2448
6.866715    4.0333
21.921360    3.6222
22.546130    3.8285
13.874160    3.6906
0.722632    3.2110
6.866715    6.7875
21.921360    3.2974
22.546130    3.6029
13.874160    3.3818
0.722632    3.3037
8.179592    3.5524
21.921360    4.1844
21.492340    3.7834
13.019140    3.9718
1.453990    3.6740
8.179592    3.5271
21.921360    3.7908
21.492340    3.4612
13.019140    3.5654
1.453990    3.3963
9.170035    3.8972
21.921360    3.5967
21.149800    3.9569
11.363720    4.1539
1.937641    3.8946
9.170035    3.3063
21.921360    3.5859
21.149800    3.9004
11.363720    3.1576
1.937641    3.2171
10.776520    3.7209
21.872430    3.6552
19.793680    3.9796
9.932875    4.5144
2.660273    3.5263
10.776520    3.6461
21.872430    3.4779
19.793680    3.3769
9.932875    3.5533
2.660273    3.4344
12.368580    3.6565
21.682380    3.3006
18.460690    3.2497
9.273592    3.5587
4.436697    3.4339
12.368580    3.3086
21.682380    3.4175
18.460690    3.7580
9.273592    3.1668
4.436697    3.3873
13.272540    3.6565
21.584510    3.5736
17.406900    3.4808
7.906092    3.6312
5.202574    3.9688
13.272540    4.2599
21.584510    4.1261
17.406900    4.0986
7.906092    3.4325
5.202574    3.2590
14.976880    4.0497
20.979850    3.6548
16.353110    3.8644
6.993413    3.8606
6.354234    3.7028
14.976880    3.2619
20.979850    3.6799
16.353110    3.5821
6.993413    3.7434
6.354234    3.6413
15.973020    3.9804
19.764840    3.6436
15.118000    3.5691
6.832196    3.5406
7.808224    3.7617
15.973020    3.4123
19.764840    3.5426
15.118000    3.7492
6.832196    3.2036
7.808224    3.3572
16.738890    3.5681
18.423140    4.2682
14.035370    3.7826
7.983856    3.9272
9.072167    3.4730
16.738890    3.5638
18.423140    3.3635
14.035370    3.3087
7.983856    3.5777
9.072167    4.0051
17.357970    3.4721
16.715750    3.6430
12.405750    3.4861
9.207591    4.2785
10.160480    3.4700
17.357970    3.3167
16.715750    3.8273
12.405750    3.5010
9.207591    3.5514
10.160480    3.6529
18.011560    3.5450
15.325110    3.3842
10.594810    3.8620
9.599063    3.4940
11.522290    3.8054
18.011560    3.3770
15.325110    3.6500
10.594810    3.7658
9.599063    3.6229
11.522290    6.9983
18.250540    4.0777
14.631310    3.8043
8.844564    3.6434
10.048190    3.8320
13.894650    3.7477
18.250540    3.6894
14.631310    3.6778
8.844564    3.5767
10.048190    3.8685
13.894650    3.7134
17.792680    3.5702
12.961480    3.8594
8.559686    3.8995
10.727580    3.4498
15.239010    3.5720
17.792680    3.8002
12.961480    3.3617
8.559686    3.6499
10.727580    3.7527
15.239010    3.7698
17.260100    4.1886
11.061390    3.7270
8.090450    3.2921
12.256300    3.7537
16.439600    3.2561
17.260100    3.5792
11.061390    3.6694
8.090450    3.4687
12.256300    3.7142
16.439600    3.8437
16.914520    3.4153
10.036430    3.7419
6.881130    3.3256
13.393540    3.5942
18.069220    3.4860
16.914520    3.3752
10.036430    3.1840
6.881130    3.5744
13.393540    3.3083
18.069220    3.4218
15.860730    3.3700
8.435640    3.6349
6.515451    3.3894
14.326330    3.5479
19.684430    3.2901
15.860730    3.6829
8.435640    3.6018
6.515451    3.5078
14.326330    3.3219
19.684430    3.7671
15.319420    3.4652
6.477895    3.3083
7.036658    3.5918
15.731380    3.7548
20.407060    3.8036
15.319420    4.4086
6.477895    3.4157
7.036658    3.7506
15.731380    3.5279
20.407060    4.0940
14.012230    4.0254
4.828169    3.4491
7.586695    3.6289
17.303340    3.3103
20.974160    3.3795
14.012230    3.4835
4.828169    3.6659
7.586695    3.8033
17.303340    3.3002
20.974160    3.2083
12.849200    3.7502
4.520150    3.6554
8.548308    3.6530
18.074910    3.4720
21.633450    3.7508
12.849200    3.2836
4.520150    4.1300
8.548308    3.6033
18.074910    4.2161
21.633450    3.7435
11.432760    3.5690
3.115094    3.5352
9.858148    3.6828
18.929930    3.4771
22.019230    3.5205
11.432760    4.0414
3.115094    3.3559
9.858148    3.9600
18.929930    4.3402
22.019230    4.3583
5.812923    3.5607
20.836090    3.5267
22.546130    3.6214
15.811800    3.3627
0.898264    3.5285
5.812923    3.4044
20.836090    3.0300
22.546130    3.3881
15.811800    2.9500
0.898264    3.1521
6.754432    3.2274
20.836090    3.5741
21.702490    7.1423
14.303190    3.9334
1.137245    3.4362
6.754432    3.2178
20.836090    3.4818
21.702490    3.3054
14.303190    3.2175
1.137245    3.4737
7.779394    3.5602
21.046240    3.5359
21.282180    3.5693
13.488370    3.2406
2.015405    3.3872
7.779394    3.5352
21.046240    3.5985
21.282180    3.2212
13.488370    3.3436
2.015405    3.4702
8.945469    3.9197
21.158520    3.6457
20.096000    3.4669
12.135290    3.5971
2.617028    4.0740
8.945469    3.3618
21.158520    3.5850
20.096000    3.2622
12.135290    3.4928
2.617028    3.8818
10.025050    3.6920
21.080760    3.5851
18.909830    3.7743
10.949110    3.3723
4.022084    3.4219
10.025050    3.9948
21.080760    3.4080
18.909830    4.1476
10.949110    3.5380
4.022084    3.4699
11.997210    3.5331
21.129690    3.7179
17.933800    3.4504
9.918460    3.8374
5.383895    3.4665
11.997210    3.9012
21.129690    3.5662
17.933800    3.4622
9.918460    3.5000
5.383895    3.4946
13.062380    3.8717
20.363820    3.7244
16.957770    3.3137
8.853290    3.5088
6.247640    3.5240
13.062380    3.5697
20.363820    3.1356
16.957770    3.1297
8.853290    3.1777
6.247640    3.2137
14.688970    3.3931
18.656430    3.3583
15.342560    3.3652
9.003129    3.5027
7.667111    3.6245
14.688970    3.9268
18.656430    3.3388
15.342560    3.4867
9.003129    3.5022
7.667111    3.5978
15.670690    3.4316
17.602640    3.9546
14.513340    3.4963
9.242110    3.9863
8.853290    3.4590
15.670690    3.5074
17.602640    3.1633
14.513340    3.5755
9.242110    3.8291
8.853290    3.9401
16.422150    3.8644
15.880840    3.8540
13.488370    4.0959
10.373670    3.3701
9.984846    3.6744
16.422150    3.3570
15.880840    3.6910
13.488370    3.7048
10.373670    3.6936
9.984846    3.2857
16.661130    3.8285
14.806940    3.6996
12.057530    3.4824
11.125130    4.0323
11.444520    3.4487
16.661130    3.4183
14.806940    3.4431
12.057530    3.3680
11.125130    3.7111
11.444520    3.6778
15.578510    3.4982
13.761880    3.4236
10.318660    3.8432
11.058740    3.5834
13.537690    3.7518
15.578510    7.3111
13.761880    3.6812
10.318660    3.6860
11.058740    3.9266
13.537690    3.7927
16.128540    3.6620
12.048800    3.7199
9.930223    3.5452
11.634570    3.2725
15.336870    3.8535
16.128540    3.2951
12.048800    3.2767
9.930223    3.4046
11.634570    3.9897
15.336870    3.5159
15.685100    4.0337
10.724540    4.0778
9.325563    3.7819
13.485720    3.9369
15.990470    3.4961
15.685100    3.6413
10.724540    3.8689
9.325563    3.7454
13.485720    3.5007
15.990470    3.7524
15.201450    3.8239
9.601715    3.4618
8.505063    3.8018
14.038410    3.4756
17.288930    3.5543
15.201450    3.5386
9.601715    3.7148
8.505063    3.2455
14.038410    3.4354
17.288930    3.5271
14.498920    3.4992
7.727423    3.5664
8.096139    3.9055
15.287940    3.2525
19.327480    3.7516
14.498920    3.3299
7.727423    3.6863
8.096139    4.0098
15.287940    3.9394
19.327480    3.5955
13.059350    3.5379
5.950999    3.4791
8.925365    3.4627
16.966500    3.3901
20.225740    3.6930
13.059350    3.1847
5.950999    3.3873
8.925365    3.3719
16.966500    3.8443
20.225740    3.3803
11.979760    3.7329
4.877103    3.4563
9.866874    3.8491
18.264960    3.3604
20.407060    3.7733
11.979760    3.2655
4.877103    3.4297
9.866874    4.0269
18.264960    3.2100
20.407060    3.2195
10.949110    3.7231
4.358933    3.2886
10.790930    3.2860
18.348410    3.2300
21.115280    3.3610
10.949110    3.2349
4.358933    3.6896
10.790930    3.8418
18.348410    3.6537
21.115280    3.7126
9.210243    3.3618
2.671651    3.5904
11.905040    3.5578
19.310020    3.6595
21.705520    3.6831
9.210243    3.4343
2.671651    3.7299
11.905040    3.2870
19.310020    3.2364
21.705520    3.3540
4.183301    3.2097
18.958760    3.2150
22.609480    3.4935
17.548020    3.5485
1.718764    3.6900
4.183301    3.3819
18.958760    3.2063
22.609480    3.3463
17.548020    3.6903
1.718764    3.5982
5.461659    3.4711
18.973180    3.5663
21.731320    3.5549
16.128540    3.5192
1.992264    3.8346
5.461659    3.7657
18.973180    3.8184
21.731320    4.0820
16.128540    3.3299
1.992264    7.0309
6.501036    3.7035
18.973180    3.9818
21.233250    3.6459
14.786840    3.4294
2.997122    4.0254
6.501036    3.0786
18.973180    3.2517
21.233250    3.2413
14.786840    4.0428
2.997122    3.3946
7.744875    3.8398
19.036520    3.5198
20.715080    3.5422
13.747460    3.5105
3.739858    3.9456
7.744875    4.0370
19.036520    3.3748
20.715080    4.1843
13.747460    3.4338
3.739858    4.3911
8.755422    4.4359
18.909830    3.6628
19.471240    3.4289
12.941370    3.5672
5.038320    3.5330
8.755422    3.2912
18.909830    3.6325
19.471240    3.5313
12.941370    3.1460
5.038320    3.5512
9.912771    3.3672
18.685260    3.3663
18.270650    3.5904
11.271550    3.8152
6.443376    3.9623
9.912771    3.3515
18.685260    3.7677
18.270650    3.8622
11.271550    3.6449
6.443376    3.4062
11.533670    3.7500
18.031670    3.5392
17.280200    3.8661
10.894490    3.4373
7.390574    3.4327
11.533670    3.4480
18.031670    3.2744
17.280200    3.2971
10.894490    4.0506
7.390574    3.3797
12.452030    3.7145
16.114130    3.8696
16.065200    3.6632
11.507870    3.3880
8.761111    3.9592
12.452030    3.6568
16.114130    3.7532
16.065200    3.3176
11.507870    3.3456
8.761111    3.5254
14.288770    3.9060
15.045920    3.4589
14.879020    3.4376
11.159650    3.1414
10.474190    3.4537
14.288770    3.6910
15.045920    3.6214
14.879020    3.3878
11.159650    3.4938
10.474190    3.4891
15.100540    3.7415
13.972030    3.7302
14.156380    3.3826
11.842070    4.2629
11.029910    3.4896
15.100540    3.8123
13.972030    3.6329
14.156380    4.2681
11.842070    3.6093
11.029910    3.8887
14.446950    3.6329
13.068070    3.8596
13.047970    3.4346
12.135680    3.3869
12.187260    3.6449
14.446950    3.6364
13.068070    3.6954
13.047970    3.2697
12.135680    3.1331
12.187260    3.1405
14.173450    3.3203
12.310920    3.2634
11.968380    3.0211
12.253650    3.3571
13.871510    3.2133
14.173450    3.2866
12.310920    3.3523
11.968380    3.6074
12.253650    3.3142
13.871510    3.7864
13.787670    3.4280
10.612260    3.4299
11.004120    7.1551
13.523280    3.5015
15.659310    3.8297
13.787670    3.7551
10.612260    3.8242
11.004120    3.5582
13.523280    4.0492
15.659310    4.1181
14.055480    3.5248
9.391564    4.0680
11.081880    3.6193
14.047140    3.4658
16.373210    3.5199
14.055480    3.5555
9.391564    3.4921
11.081880    3.4840
14.047140    3.3037
16.373210    3.5809
13.430710    3.5897
8.409847    3.7263
10.612650    3.4986
14.916570    3.6126
17.139090    3.7739
13.430710    3.9105
8.409847    3.6203
10.612650    3.7143
14.916570    3.5083
17.139090    3.4880
12.483520    3.4742
7.238083    3.6098
10.028090    3.4180
15.990470    3.6169
18.788820    3.8260
12.483520    3.6721
7.238083    3.7867
10.028090    3.7995
15.990470    4.0147
18.788820    3.5373
11.657330    3.5998
5.769678    3.5784
10.638440    3.6309
17.556740    3.4123
19.246680    3.6899
11.657330    3.4302
5.769678    3.6293
10.638440    3.4920
17.556740    3.5677
19.246680    3.3672
10.353180    3.4291
5.418414    3.9958
11.787060    3.7331
18.538460    3.7625
19.485660    3.3640
10.353180    4.0690
5.418414    3.4207
11.787060    3.8252
18.538460    4.0708
19.485660    4.4066
8.717866    3.5697
5.311820    3.5644
12.846540    3.4541
18.987590    3.4905
19.710220    3.6400
8.717866    3.3734
5.311820    3.4742
12.846540    4.2716
18.987590    4.2454
19.710220    3.7468
7.082555    3.7676
4.482594    3.7292
14.326330    3.3840
19.753470    3.1588
19.197740    3.3412
7.082555    3.3906
4.482594    3.4479
14.326330    3.5383
19.753470    3.6278
19.197740    3.5301
3.489499    3.8938
17.412590    3.3376
22.497190    3.5733
18.670840    3.3603
4.451112    3.5755
3.489499    3.8391
17.412590    4.2586
22.497190    3.4631
18.670840    3.6306
4.451112    3.5179
4.085433    3.4822
17.475940    3.9356
22.287040    3.8832
17.709230    4.0375
4.514461    3.8213
4.085433    3.7241
17.475940    3.1539
22.287040    3.6542
17.709230    4.1434
4.514461    3.9693
5.257197    3.4384
17.475940    4.0149
21.184320    3.8141
16.641030    3.2623
5.182470    3.1458
5.257197    6.6433
17.475940    3.7470
21.184320    3.5440
16.641030    3.3301
5.182470    3.3208
6.549970    3.5355
17.553700    3.6441
20.876300    3.6597
15.523880    3.6289
5.680536    3.4777
6.549970    3.4338
17.553700    3.5528
20.876300    3.3236
15.523880    3.9570
5.680536    3.6497
7.344677    3.8347
17.539290    4.1065
19.998140    3.5654
14.464400    3.9157
6.501036    3.4408
7.344677    3.4246
17.539290    3.4327
19.998140    3.5457
14.464400    3.2035
6.501036    3.6358
8.623035    3.3136
17.383760    3.6006
18.495210    3.8009
13.404920    3.3008
8.081724    3.1014
8.623035    3.3061
17.383760    3.2405
18.495210    3.4071
13.404920    3.2317
8.081724    3.4402
9.233384    3.5972
16.753310    4.0917
17.694820    3.6051
12.647770    3.6489
8.755422    3.4297
9.233384    3.5387
16.753310    3.7089
17.694820    3.6148
12.647770    3.4756
8.755422    3.6618
11.162300    3.5336
15.031510    3.5435
16.338700    3.6902
13.275570    4.4058
10.082710    3.3266
11.162300    3.2200
15.031510    3.3821
16.338700    3.5257
13.275570    3.3425
10.082710    3.4570
12.650810    3.7229
14.153350    3.3577
14.562270    3.2085
13.313130    3.3416
11.332240    3.0809
12.650810    3.4526
14.153350    3.3135
14.562270    3.3704
13.313130    3.5403
11.332240    3.5639
13.068070    3.4031
13.629490    4.3674
15.371390    3.4544
12.702780    3.5674
11.450210    3.3624
13.068070    3.8438
13.629490    3.6043
15.371390    4.0541
12.702780    3.4934
11.450210    3.4576
13.275190    3.9528
12.955790    3.9182
14.380950    3.4226
12.711500    3.6140
12.109500    3.6054
13.275190    3.3064
12.955790    3.7499
14.380950    3.3251
12.711500    3.6939
12.109500    3.4592
12.817330    3.6750
11.945240    3.6165
13.252430    3.5988
13.293020    3.2946
13.217910    3.8626
12.817330    4.6166
11.945240    3.5763
13.252430    3.8954
13.293020    3.6169
13.217910    3.5096
12.636010    3.5409
10.157440    3.7083
12.512730    3.6870
14.505000    3.8809
15.336870    3.5821
12.636010    3.8890
10.157440    3.9680
12.512730    3.5738
14.505000    7.0201
15.336870    3.8212
12.279050    3.5673
9.469328    3.6702
11.726750    3.6770
15.354330    3.5448
16.070880    3.4675
12.279050    3.6539
9.469328    3.3510
11.726750    3.7782
15.354330    3.8966
16.070880    3.6123
12.365550    3.3979
8.706488    3.3761
11.818930    3.2677
15.322460    3.9933
16.666820    3.4828
12.365550    3.3436
8.706488    3.4912
11.818930    3.4033
15.322460    3.4575
16.666820    3.5693
11.700570    3.6127
7.978167    3.5043
11.648990    3.4805
15.981740    3.6825
17.530560    3.7182
11.700570    3.6800
7.978167    3.3971
11.648990    3.4773
15.981740    3.5410
17.530560    3.8190
10.402110    3.5948
6.861026    3.5173
12.040460    3.4005
17.669020    3.5238
18.120810    3.5496
10.402110    3.7731
6.861026    3.7431
12.040460    3.4864
17.669020    4.0608
18.120810    3.4266
8.729244    3.7195
6.901234    3.2847
13.569180    3.6103
18.224750    3.5667
18.164050    3.4119
8.729244    3.4454
6.901234    3.2191
13.569180    3.2273
18.224750    3.3863
18.164050    3.1992
7.859810    3.3259
6.282159    3.4156
14.277390    3.3334
18.670840    3.4936
18.374200    3.2183
7.859810    3.9205
6.282159    5.1234
14.277390    3.6077
18.670840    4.8402
18.374200    3.4666
7.053725    3.6573
5.628565    3.5505
15.688140    3.5464
19.621080    3.4608
17.939490    3.5152
7.053725    3.5125
5.628565    3.3575
15.688140    3.6373
19.621080    3.6218
17.939490    4.1247
2.329113    3.6194
15.998810    3.5173
22.399320    3.4278
19.759160    3.7159
5.504904    3.2819
2.329113    3.7257
15.998810    3.4865
22.399320    3.9901
19.759160    3.3039
5.504904    3.5608
3.319556    3.5199
15.998810    3.6354
22.238110    3.7043
18.944340    3.5037
5.651706    3.1888
3.319556    3.3410
15.998810    3.3151
22.238110    3.5762
18.944340    3.2494
5.651706    3.4785
4.134367    3.9325
16.111090    3.9517
21.331120    3.5308
17.899280    3.6169
6.207432    3.3727
4.134367    3.4280
16.111090    3.3257
21.331120    3.7899
17.899280    3.3450
6.207432    3.7784
5.081565    3.6128
16.160030    3.8700
21.120970    7.3538
16.957770    4.2643
6.846611    3.7957
5.081565    3.4851
16.160030    3.1925
21.120970    3.5278
16.957770    3.4620
6.846611    3.3930
6.501036    3.3719
16.111090    4.2464
20.081590    3.3793
15.728350    3.9073
7.169045    3.3756
6.501036    3.7591
16.111090    3.5181
20.081590    3.7592
15.728350    3.3699
7.169045    3.3949
6.930064    3.4169
15.569780    3.8431
18.895410    3.5641
14.821360    3.5556
8.671969    4.3275
6.930064    3.5197
15.569780    3.7583
18.895410    3.4510
14.821360    3.4945
8.671969    3.6622
8.447403    4.0449
14.305840    3.2287
17.490360    3.3186
15.152520    3.8580
9.535714    3.8057
8.447403    3.4726
14.305840    3.3293
17.490360    3.9280
15.152520    3.7182
9.535714    3.4648
10.007990    3.6885
13.237630    3.5938
15.860730    3.7804
15.512510    3.9754
10.526160    3.4936
10.007990    3.7658
13.237630    3.8260
15.860730    3.7960
15.512510    3.5958
10.526160    3.8346
10.624030    3.6171
13.113970    3.7298
15.601650    3.5098
14.424200    3.6561
11.248790    3.6524
10.624030    3.5859
13.113970    3.4119
15.601650    3.6979
14.424200    3.8952
11.248790    3.9311
11.455900    3.5844
12.624630    3.6700
15.630480    3.9628
14.369570    3.4985
11.484730    3.6992
11.455900    3.4378
12.624630    3.7272
15.630480    3.6173
14.369570    3.5292
11.484730    3.2952
11.599670    3.6070
12.414480    3.4297
15.590270    3.8373
13.739120    3.7835
11.827270    3.9288
11.599670    3.4074
12.414480    3.5140
15.590270    3.4058
13.739120    3.6717
11.827270    3.8323
11.982410    3.8062
11.110330    3.6574
14.749670    3.5526
13.888960    3.5128
12.866650    3.5209
11.982410    4.0645
11.110330    3.6464
14.749670    3.5847
13.888960    3.6595
12.866650    3.5809
11.806780    3.3940
10.050850    3.5292
13.168980    3.2020
15.314120    3.1860
14.418510    3.2147
11.806780    3.6695
10.050850    3.3716
13.168980    3.8462
15.314120    3.6613
14.418510    3.7115
11.668710    3.7509
9.737139    4.2562
13.010800    3.4939
15.662340    3.6340
15.719620    3.3013
11.668710    7.0072
9.737139    4.1928
13.010800    3.7149
15.662340    3.9517
15.719620    3.9030
11.271550    3.3329
9.121101    3.6691
13.065420    3.3402
16.010570    3.5640
15.978710    3.3603
11.271550    3.5551
9.121101    3.5074
13.065420    3.5861
16.010570    3.4620
15.978710    3.4373
10.275410    3.4078
8.110554    3.4794
13.016490    3.6602
16.114130    3.6225
16.496880    3.7397
10.275410    3.5627
8.110554    3.7008
13.016490    3.6070
16.114130    3.4687
16.496880    3.5306
8.884772    3.4623
7.505894    3.3849
13.998200    3.2909
17.548020    3.6643
17.354930    3.1420
8.884772    3.6025
7.505894    3.5239
13.998200    3.6055
17.548020    3.4845
17.354930    3.9761
8.455744    3.3929
7.574932    3.7780
15.135450    3.5521
17.893590    3.6020
17.657260    3.1618
8.455744    3.6484
7.574932    3.7270
15.135450    3.3746
17.893590    3.4371
17.657260    3.4848
7.430782    3.8537
6.970272    3.4631
15.619100    3.5893
18.308200    3.4527
17.193710    3.6705
7.430782    3.0710
6.970272    3.4153
15.619100    3.4508
18.308200    3.6276
17.193710    3.5303
6.428961    3.9075
6.374338    3.6900
16.523050    3.9540
19.713260    3.8459
16.940320    3.9199
6.428961    3.4163
6.374338    3.8613
16.523050    4.5405
19.713260    3.6931
16.940320    3.6579
1.879981    3.5499
14.640030    3.7703
22.287040    4.0160
20.749600    3.8313
7.065488    3.4441
1.879981    3.2229
14.640030    3.1051
22.287040    3.4182
20.749600    3.3828
7.065488    3.4883
2.441396    3.3462
14.801250    3.7814
22.238110    3.4450
20.188180    3.8674
7.226705    3.3284
2.441396    3.5457
14.801250    3.1566
22.238110    3.3548
20.188180    3.2264
7.226705    3.6946
3.051745    3.2933
14.962470    3.6350
21.394470    3.5834
19.007690    3.8631
7.500205    3.5431
3.051745    3.5271
14.962470    3.1829
21.394470    3.9928
19.007690    3.1844
7.500205    3.3024
4.246650    3.2711
15.025820    3.8672
20.994270    3.7032
18.446280    3.6011
8.392780    3.4581
4.246650    3.8882
15.025820    3.1737
20.994270    3.2735
18.446280    3.3438
8.392780    6.9831
5.018216    3.6292
15.109270    3.8021
20.735180    3.7611
17.386800    3.4192
8.539582    3.7992
5.018216    3.4604
15.109270    3.2766
20.735180    3.3930
17.386800    3.5438
8.539582    3.2889
6.768847    3.3819
14.855880    3.3384
18.613180    3.7730
16.592090    3.6433
9.817940    3.9206
6.768847    3.4916
14.855880    3.4923
18.613180    3.5128
16.592090    3.6091
9.817940    3.2091
7.402337    3.4227
13.309710    3.8623
17.067020    3.2297
17.378070    3.9361
10.842900    3.8118
7.402337    3.5927
13.309710    3.4826
17.067020    3.9418
17.378070    3.1487
10.842900    3.7392
8.513789    3.6163
12.460380    3.8719
16.540120    3.6196
16.782140    3.7504
11.467670    3.4927
8.513789    4.2460
12.460380    3.8485
16.540120    3.7304
16.782140    3.6016
11.467670    3.3166
9.095308    3.7177
12.926960    3.5939
15.748450    4.1760
15.699520    3.7037
12.175880    3.8255
9.095308    3.5055
12.926960    3.5000
15.748450    3.5938
15.699520    3.8193
12.175880    3.3305
9.575922    3.5156
12.414480    3.7149
15.990470    3.4864
15.166930    3.4611
12.455070    3.7766
9.575922    3.5920
12.414480    3.6861
15.990470    3.3958
15.166930    3.4321
12.455070    3.4420
10.079680    3.5300
12.043110    3.8184
16.356150    3.6870
14.838810    3.6001
12.440660    3.9157
10.079680    4.1132
12.043110    3.5809
16.356150    3.9421
14.838810    3.4845
12.440660    3.4946
10.773480    3.7704
10.632370    3.6770
14.867640    3.5976
15.486710    3.7271
13.318820    3.7085
10.773480    3.5476
10.632370    3.2630
14.867640    3.7530
15.486710    3.9837
13.318820    3.6460
10.983630    3.5923
9.938564    3.4845
14.507650    3.5952
15.754520    3.8481
14.294840    3.5814
10.983630    3.4442
9.938564    3.6495
14.507650    3.4641
15.754520    3.5327
14.294840    3.5220
10.286790    3.5604
9.679479    3.1735
14.481860    3.4233
15.662340    3.3707
15.765900    3.4182
10.286790    3.6706
9.679479    3.6532
14.481860    3.3200
15.662340    4.1063
15.765900    3.6012
10.367590    3.9116
9.224658    3.8016
13.580550    7.2984
16.249550    3.8196
16.157370    3.4834
10.367590    3.5838
9.224658    3.3826
13.580550    3.7214
16.249550    3.6231
16.157370    3.6229
9.863837    4.0202
8.862016    3.5933
13.736080    3.5446
16.324280    3.4016
16.240830    3.8083
9.863837    3.4299
8.862016    4.4468
13.736080    3.5745
16.324280    3.8835
16.240830    3.8947
8.858979    3.5490
9.008818    3.9614
15.564480    3.4391
16.689960    3.6994
16.013220    3.3647
8.858979    3.7749
9.008818    3.5210
15.564480    4.1195
16.689960    3.5620
16.013220    3.7411
7.917470    3.5458
8.833186    3.8895
15.976050    3.7569
17.844660    3.4510
16.134230    3.3455
7.917470    3.5959
8.833186    3.6504
15.976050    4.3658
17.844660    3.3657
16.134230    3.2664
7.278291    3.2403
8.409847    3.1548
16.347420    3.1599
18.224750    3.2067
15.909670    3.3091
7.278291    4.0381
8.409847    3.5135
16.347420    3.8874
18.224750    3.6092
15.909670    4.3078
5.873235    3.7052
7.744875    3.5270
17.021120    3.6942
19.059660    3.1658
15.685100    3.4330
5.873235    3.7483
7.744875    3.5392
17.021120    3.5696
19.059660    3.7214
15.685100    3.4373
1.459679    3.4323
11.539360    3.3080
22.335980    3.7932
21.345530    3.7472
9.316837    3.4974
1.459679    3.1931
11.539360    3.7385
22.335980    3.2818
21.345530    3.4926
9.316837    3.3280
1.928915    3.6275
11.602710    3.5823
22.125820    4.0262
20.925230    3.5218
9.526988    3.6172
1.928915    3.5970
11.602710    3.2646
22.125820    3.5161
20.925230    3.3735
9.526988    3.2115
2.504745    3.7234
11.939550    3.5567
21.872430    3.7171
20.188180    3.8279
9.786073    3.7000
2.504745    3.5589
11.939550    3.5594
21.872430    3.3046
20.188180    3.4909
9.786073    3.8627
3.129509    3.6804
12.115190    3.7820
20.438540    4.1706
19.310020    3.6753
10.566370    3.5621
3.129509    3.4756
12.115190    3.3095
20.438540    3.5057
19.310020    3.5345
10.566370    3.6257
4.978008    3.3967
12.051840    3.9728
19.638150    3.5267
18.748610    3.4150
10.811040    3.1223
4.978008    3.7308
12.051840    7.3614
19.638150    3.5753
18.748610    3.3489
10.811040    3.4881
6.362960    3.7732
11.539360    3.2453
17.677360    3.9087
18.103740    3.2002
11.479040    3.3160
6.362960    3.2742
11.539360    3.9865
17.677360    3.2919
18.103740    3.9675
11.479040    4.1465
7.753601    3.4565
11.314790    4.2983
17.052600    4.3042
18.074910    4.0172
11.562500    3.5933
7.753601    3.9384
11.314790    3.9050
17.052600    3.4228
18.074910    3.2122
11.562500    3.4371
7.261224    3.6977
11.119050    3.6500
16.641030    4.2493
18.037360    3.5120
11.792750    3.9370
7.261224    3.5851
11.119050    3.5126
16.641030    3.8789
18.037360    3.7318
11.792750    3.4376
7.710356    3.5126
11.830310    3.2379
16.445290    3.9344
16.856860    3.3223
12.524110    3.5550
7.710356    3.5451
11.830310    3.6504
16.445290    3.3770
16.856860    3.9334
12.524110    3.4573
8.291875    3.6437
11.479040    3.5805
15.786010    3.5785
16.666820    3.9387
12.964520    3.5647
8.291875    3.3568
11.479040    3.5677
15.786010    3.8890
16.666820    3.5906
12.964520    3.9063
9.584648    3.4973
11.205540    3.6818
15.745800    3.4846
16.183170    3.8017
12.857920    3.6832
9.584648    3.6575
11.205540    3.6978
15.745800    3.7520
16.183170    3.2822
12.857920    3.5791
10.557640    3.8076
10.845550    3.3880
15.584580    3.3161
15.912700    3.5866
12.662190    3.2398
10.557640    3.5038
10.845550    3.9112
15.584580    3.3206
15.912700    3.7464
12.662190    3.5922
10.240890    3.3544
10.874380    3.9052
15.048960    3.9533
16.111480    3.5314
12.714160    4.0763
10.240890    3.4906
10.874380    3.5855
15.048960    3.8296
16.111480    4.0122
12.714160    3.4078
10.577740    3.5302
11.182400    3.7426
14.029690    3.5053
15.578890    3.4506
13.128770    3.7841
10.577740    4.1141
11.182400    3.6939
14.029690    4.1423
15.578890    3.4742
13.128770    3.9494
9.728413    3.7312
11.245750    3.8725
14.746630    3.4512
16.200620    4.0278
13.598010    3.6397
9.728413    3.6100
11.245750    3.7004
14.746630    3.6272
16.200620    3.9728
13.598010    7.1261
9.005781    3.8381
11.001080    3.7575
15.595960    3.5048
16.620920    4.0621
13.289990    3.7508
9.005781    3.9569
11.001080    3.8410
15.595960    3.8145
16.620920    4.1891
13.289990    3.5725
8.804356    4.0100
10.937730    3.4000
16.209340    3.4314
16.191890    3.6224
13.068070    3.8129
8.804356    3.5093
10.937730    3.8152
16.209340    3.6095
16.191890    3.9896
13.068070    3.8687
8.081724    3.6200
10.543220    3.5440
16.551880    3.3190
16.738890    3.4955
13.082490    3.7078
8.081724    3.6792
10.543220    3.7572
16.551880    4.0323
16.738890    3.5486
13.082490    3.8671
6.555659    3.6139
10.163130    3.2670
17.288930    3.0969
17.922420    3.1482
13.056690    3.1416
6.555659    4.0058
10.163130    4.0642
17.288930    3.9613
17.922420    3.9009
13.056690    4.0882
5.628565    3.7320
9.547092    3.1260
18.089330    3.1053
19.079770    3.4042
12.930000    3.6292
5.628565    3.5012
9.547092    3.4407
18.089330    3.4555
19.079770    3.7272
12.930000    3.7547
1.059481    3.4392
9.201517    3.2567
22.160340    3.8196
22.068160    3.4320
11.651640    3.2909
1.059481    3.4002
9.201517    3.1888
22.160340    3.4730
22.068160    3.9617
11.651640    3.4337
1.698660    3.5017
9.362734    3.4849
21.984710    3.7040
21.359950    3.8339
11.749510    3.7185
1.698660    4.0118
9.362734    3.9327
21.984710    3.3848
21.359950    3.3937
11.749510    3.3609
2.084443    3.3787
9.699583    3.2172
21.014370    3.6009
20.784120    3.4810
11.910720    3.8111
2.084443    3.3186
9.699583    3.3448
21.014370    3.2836
20.784120    3.4360
11.910720    3.3017
3.426150    3.6405
9.987498    3.6383
19.692770    3.4623
20.363820    3.6554
12.739950    3.3604
3.426150    3.3189
9.987498    4.1222
19.692770    3.3204
20.363820    3.5233
12.739950    3.2966
5.070187    3.5722
9.909734    3.5509
18.224360    3.8440
19.549000    3.7371
12.915580    3.7458
5.070187    3.6362
9.909734    4.0652
18.224360    3.2575
19.549000    3.1192
12.915580    3.0134
6.699809    3.4952
10.134300    3.3668
16.891380    7.2319
18.636330    3.7846
13.174670    3.6275
6.699809    3.5063
10.134300    3.4443
16.891380    3.3948
18.636330    3.5820
13.174670    3.5750
6.964583    3.5221
9.924149    3.5613
16.934630    3.4965
18.714090    3.8301
13.203500    3.4372
6.964583    3.6720
9.924149    3.9042
16.934630    3.8419
18.714090    3.4726
13.203500    3.5875
7.477064    3.6772
10.333070    4.0921
17.196750    4.0877
17.671680    3.3662
13.321470    3.7385
7.477064    3.3920
10.333070    3.5960
17.196750    4.0412
17.671680    3.5854
13.321470    3.8901
7.413715    3.7994
10.834180    3.7552
15.889560    3.7037
17.677360    3.6339
13.995170    3.5066
7.413715    3.5008
10.834180    3.4435
15.889560    3.4263
17.677360    3.4413
13.995170    3.4518
8.412884    3.4518
10.834180    3.7180
15.443470    3.4154
17.375040    3.8660
13.692840    3.1735
8.412884    3.1608
10.834180    3.2104
15.443470    3.1527
17.375040    3.1381
13.692840    3.4685
9.619167    3.3302
10.511740    3.7714
15.072100    3.8118
16.862550    3.6097
13.327160    3.3675
9.619167    3.8881
10.511740    3.4759
15.072100    4.0629
16.862550    3.6170
13.327160    3.5748
10.278450    3.5639
10.713170    3.6107
14.637380    3.8358
16.312900    3.5957
12.878030    3.3931
10.278450    4.0704
10.713170    3.5040
14.637380    3.4965
16.312900    3.3656
12.878030    3.7370
11.119050    3.4283
11.231340    4.0282
14.360850    3.6486
15.849350    3.7327
12.486550    3.6584
11.119050    3.3719
11.231340    3.4671
14.360850    3.4069
15.849350    3.5617
12.486550    3.4770
10.983630    3.8299
12.043110    3.5343
14.902160    3.6655
14.876360    3.7788
12.875370    3.6274
10.983630    3.8262
12.043110    3.7121
14.902160    3.8261
14.876360    4.1796
12.875370    3.9388
10.062230    4.1027
12.443310    4.1302
15.806110    3.5606
15.052000    3.6907
12.279440    3.3851
10.062230    3.6059
12.443310    3.6485
15.806110    3.5049
15.052000    3.7997
12.279440    3.4276
9.005781    3.2166
12.725540    3.4477
15.924080    3.1834
15.981740    3.6254
11.997210    3.2265
9.005781    3.4104
12.725540    7.0419
15.924080    4.1486
15.981740    3.7465
11.997210    3.7203
8.150762    3.6395
12.984620    4.1121
15.863770    3.8326
16.045090    3.5270
11.545040    3.4165
8.150762    3.7015
12.984620    3.4006
15.863770    4.1735
16.045090    3.5293
11.545040    3.7577
7.672800    3.5235
12.428890    3.5718
17.527910    3.4532
16.479810    3.7526
11.467280    3.9835
7.672800    3.5206
12.428890    3.4623
17.527910    3.5818
16.479810    3.8144
11.467280    3.6043
6.613319    3.7362
12.492240    3.4297
18.152680    3.7392
17.147820    3.5549
11.159260    3.3328
6.613319    3.3283
12.492240    3.6158
18.152680    3.5357
17.147820    3.7035
11.159260    3.4819
5.340650    3.1407
12.002900    3.1013
18.953070    3.1733
18.109430    3.0515
10.690030    3.2494
5.340650    3.7422
12.002900    4.0810
18.953070    3.5001
18.109430    3.8859
10.690030    3.4263
0.996132    3.4544
7.606414    3.5898
21.731320    3.9281
22.370500    3.2335
14.012620    3.3059
0.996132    3.6195
7.606414    3.5509
21.731320    3.4339
22.370500    3.6422
14.012620    3.2914
1.439575    3.6858
7.767631    3.3432
20.936610    3.8999
21.955880    3.6331
14.173840    3.8458
1.439575    3.5294
7.767631    3.2822
20.936610    3.1434
21.955880    3.8068
14.173840    3.2719
2.571131    3.4102
8.006612    3.3665
19.770530    3.5223
21.380050    3.4090
14.335050    4.0520
2.571131    3.5708
8.006612    3.4847
19.770530    3.4362
21.380050    3.5075
14.335050    3.6238
4.376385    3.5882
8.055546    3.9179
18.204260    4.0046
20.959750    3.5623
14.637380    3.1157
4.376385    3.2234
8.055546    3.2471
18.204260    3.5966
20.959750    3.5338
14.637380    3.2437
5.597083    3.6021
7.675452    4.4273
16.989250    3.3885
20.812950    3.5053
15.164280    4.0722
5.597083    4.1298
7.675452    3.6949
16.989250    3.4590
20.812950    3.2853
15.164280    3.4532
6.656564    3.4054
8.426914    3.8474
16.583360    3.3897
19.232260    3.8078
15.155550    3.6440
6.656564    3.5459
8.426914    3.4054
16.583360    3.4989
19.232260    3.4233
15.155550    3.6113
6.973309    7.2385
8.709140    3.8164
15.915360    4.0391
18.817650    4.0794
14.628660    3.5878
6.973309    3.7172
8.709140    3.3368
15.915360    3.9122
18.817650    3.4365
14.628660    3.5597
8.032790    3.2561
9.927186    3.8017
15.840630    3.7272
17.832890    3.7181
14.522060    3.6349
8.032790    3.4554
9.927186    3.5423
15.840630    3.5417
17.832890    4.0506
14.522060    3.4407
9.429120    3.5756
10.258350    3.6277
15.244690    3.6124
17.067020    3.5626
14.697690    3.9029
9.429120    3.3691
10.258350    3.6764
15.244690    3.5990
17.067020    3.6856
14.697690    3.5677
9.512573    3.4663
9.921497    3.2777
14.383990    3.6624
17.208130    3.2834
14.317600    3.2237
9.512573    3.2365
9.921497    3.3736
14.383990    3.1045
17.208130    3.1451
14.317600    3.1261
9.849422    3.1818
10.580780    3.8690
13.071110    3.8085
17.095850    3.5643
14.029690    3.4864
9.849422    3.7442
10.580780    3.7848
13.071110    3.3510
17.095850    3.5742
14.029690    3.3319
10.678650    3.7430
10.874380    3.6749
14.070280    3.9230
16.689960    3.4282
12.990310    3.5923
10.678650    3.3868
10.874380    3.5111
14.070280    3.2269
16.689960    3.6634
12.990310    3.3614
11.435800    3.4457
12.066250    3.4296
15.023170    3.4349
15.210180    3.4169
12.310920    3.8615
11.435800    3.5482
12.066250    3.6303
15.023170    3.4385
15.210180    3.6354
12.310920    3.6789
11.012460    3.6967
12.964520    3.4056
15.273530    3.8061
13.920440    3.4474
12.017320    3.7440
11.012460    4.3884
12.964520    3.5619
15.273530    3.6311
13.920440    3.3341
12.017320    3.5446
10.436630    3.5502
13.589280    3.6951
15.924080    3.5525
14.447340    3.7225
11.352350    3.2906
10.436630    3.6265
13.589280    3.9277
15.924080    3.7167
14.447340    3.7778
11.352350    3.7021
9.719687    3.4362
13.764910    3.7139
16.534430    3.6157
14.456060    3.6243
11.240060    3.6254
9.719687    3.6711
13.764910    3.5896
16.534430    4.1702
14.456060    3.5621
11.240060    3.4412
8.136347    3.5730
14.116180    3.3531
16.845490    4.0097
15.429050    3.9961
10.977940    7.1197
8.136347    4.2488
14.116180    3.6794
16.845490    3.5237
15.429050    3.5164
10.977940    4.1187
7.330262    3.5399
14.326330    3.3807
18.054810    3.5061
15.903980    3.5063
10.160090    3.7822
7.330262    3.6021
14.326330    3.6505
18.054810    3.8117
15.903980    3.8660
10.160090    3.4357
6.950168    3.9228
14.369570    3.5444
18.567290    3.8498
16.704370    3.8298
9.759895    3.4481
6.950168    3.3436
14.369570    3.8694
18.567290    3.8663
16.704370    3.4568
9.759895    3.2409
5.749574    3.2443
14.237180    3.0952
19.416620    3.1716
17.519180    3.0903
9.325178    3.5345
5.749574    3.3141
14.237180    3.8438
19.416620    3.5072
17.519180    3.5437
9.325178    3.4010
1.200594    3.5527
4.946141    3.1702
20.795500    3.5111
22.497190    3.3294
15.647930    3.6316
1.200594    3.3241
4.946141    3.6669
20.795500    3.2083
22.497190    3.4308
15.647930    3.2698
2.332150    3.7065
5.219641    3.5227
19.453790    3.8204
22.097000    4.3891
15.872500    4.0551
2.332150    3.7796
5.219641    3.3551
19.453790    3.8354
22.097000    3.3820
15.872500    3.4737
3.800555    3.2689
5.591009    3.6165
18.569940    3.8506
21.794660    4.0981
15.984780    3.6525
3.800555    4.2600
5.591009    3.4402
18.569940    3.4726
21.794660    3.4962
15.984780    3.4684
4.834243    3.3454
5.878924    3.8324
17.530560    3.5798
21.331120    3.8688
16.160410    3.5107
4.834243    3.3770
5.878924    3.6082
17.530560    3.4230
21.331120    3.7319
16.160410    3.6516
6.089460    3.2743
6.117905    3.5715
16.427840    3.6630
21.198730    3.4510
16.526090    3.6808
6.089460    3.6274
6.117905    3.7774
16.427840    3.5084
21.198730    3.7423
16.526090    3.5029
6.840922    3.9953
7.396263    4.0332
14.896080    3.7046
19.822500    3.5653
16.526090    3.5715
6.840922    3.5675
7.396263    3.6093
14.896080    3.8882
19.822500    3.5162
16.526090    3.3299
8.617346    3.7346
7.839706    3.5896
14.498920    3.5638
18.506590    4.2194
16.131580    3.4819
8.617346    3.3960
7.839706    3.6746
14.498920    4.0515
18.506590    6.8443
16.131580    3.4563
9.121101    3.4392
9.218969    3.6788
14.907850    4.1787
17.683050    4.0215
15.224590    3.7092
9.121101    3.3893
9.218969    4.1686
14.907850    4.0283
17.683050    3.4798
15.224590    3.6527
9.976120    4.0704
9.486780    3.7349
13.350300    3.7539
17.740710    3.7981
15.103580    4.1488
9.976120    3.3875
9.486780    3.4074
13.350300    3.7413
17.740710    3.5229
15.103580    3.4439
11.476010    3.9906
9.555818    3.4067
12.452030    3.9632
17.208130    3.7911
14.464400    3.7135
11.476010    3.7161
9.555818    3.8415
12.452030    3.4048
17.208130    3.9824
14.464400    3.4862
11.343620    3.8252
10.410840    3.8920
13.387850    3.6692
16.508640    3.8361
14.176490    3.3790
11.343620    3.8715
10.410840    3.8362
13.387850    3.9207
16.508640    3.5193
14.176490    3.3550
11.343620    3.5686
11.372450    3.5599
13.816880    3.2341
16.191890    3.4490
12.981580    3.4886
11.343620    3.7085
11.372450    3.5749
13.816880    3.3860
16.191890    3.4357
12.981580    3.3910
11.464630    3.5272
12.368580    3.8090
14.651800    3.8207
14.971200    3.9076
12.161080    3.9809
11.464630    3.7347
12.368580    3.4653
14.651800    3.7255
14.971200    3.8840
12.161080    3.5170
11.738130    3.5585
14.101760    3.9633
14.628660    3.6925
13.785020    3.7684
11.271550    3.5654
11.738130    3.9026
14.101760    3.7556
14.628660    3.6645
13.785020    3.6705
11.271550    3.1691
10.787890    3.2977
14.571000    3.0475
16.284070    3.3804
13.232330    3.0418
10.341800    3.1539
10.787890    3.2906
14.571000    3.9583
16.284070    3.5936
13.232330    6.7778
10.341800    4.8055
10.001910    3.8378
14.732210    3.6070
16.540120    4.3624
13.836990    3.7506
9.872563    3.7645
10.001910    3.4713
14.732210    3.6803
16.540120    3.8370
13.836990    3.5956
9.872563    3.4199
10.240890    4.0121
15.132410    3.6808
16.764690    3.7228
14.027030    3.7242
9.647997    4.0713
10.240890    3.8034
15.132410    4.0168
16.764690    3.6326
14.027030    3.6705
9.647997    3.5961
8.502026    3.5007
15.751490    3.7365
17.864760    6.9899
14.179530    3.8884
8.245593    3.6275
8.502026    3.5964
15.751490    3.7352
17.864760    3.6638
14.179530    3.8619
8.245593    3.7405
7.266913    3.7431
15.964670    3.9014
18.869620    3.4266
15.621750    3.6631
7.200527    3.9163
7.266913    3.7392
15.964670    3.5720
18.869620    3.6519
15.621750    3.6993
7.200527    3.9442
6.325404    4.0255
15.950260    3.6211
19.782300    3.6240
16.548850    3.5269
6.624697    3.6440
6.325404    3.4033
15.950260    3.7103
19.782300    3.5940
16.548850    4.0362
6.624697    3.6438
2.697829    3.7166
2.576820    3.4504
19.082420    3.7007
22.448260    3.4708
18.587390    3.5453
2.697829    3.6744
2.576820    3.6410
19.082420    3.3744
22.448260    4.0557
18.587390    3.7078
3.659442    3.5807
2.738037    4.2277
18.155330    3.7763
22.223690    3.9165
18.734190    3.4882
3.659442    3.2580
2.738037    3.2114
18.155330    3.4154
22.223690    3.5642
18.734190    4.0943
4.790998    3.3799
2.962603    4.3442
17.130360    3.6930
21.999130    3.7487
18.944340    3.8751
4.790998    3.6076
2.962603    3.2009
17.130360    3.2611
21.999130    3.1007
18.944340    3.3575
6.230573    3.3204
3.138235    3.4854
15.647540    3.4732
21.604620    4.1623
19.154500    3.7520
6.230573    3.7601
3.138235    3.7052
15.647540    3.4408
21.604620    3.9934
19.154500    3.3124
7.206601    3.4044
3.846452    3.3708
14.187870    3.5204
20.081590    3.5664
18.754300    3.7249
7.206601    3.4495
3.846452    3.9191
14.187870    3.4204
20.081590    3.6527
18.754300    3.4965
8.841912    3.9178
5.222678    3.3530
13.234980    3.6922
19.646870    3.9123
18.734190    3.5245
8.841912    3.6569
5.222678    3.5399
13.234980    3.3715
19.646870    3.3383
18.734190    3.2018
9.604752    3.4461
6.636460    3.3146
12.872340    3.6329
18.126500    3.6034
17.856030    3.5407
9.604752    3.3341
6.636460    3.6810
12.872340    3.4044
18.126500    3.4551
17.856030    3.4105
10.972250    3.2947
8.280497    3.3341
12.051840    3.6913
17.101540    3.2630
16.718790    3.4636
10.972250    3.3835
8.280497    6.9847
12.051840    3.9678
17.101540    3.6700
16.718790    3.3693
12.037420    3.0858
8.432988    3.2809
11.625850    3.3052
16.940320    3.6010
16.445290    3.7882
12.037420    3.8140
8.432988    3.5708
11.625850    3.5999
16.940320    4.2766
16.445290    3.5807
12.993350    3.6801
9.429120    3.5303
11.694880    3.7061
16.646710    3.7681
15.786010    3.7222
12.993350    3.6484
9.429120    4.0778
11.694880    3.4564
16.646710    3.4841
15.786010    3.3740
13.154560    3.5585
11.055710    3.3429
12.426240    3.7868
15.020130    3.3669
14.507650    3.7032
13.154560    4.0150
11.055710    3.8349
12.426240    3.9209
15.020130    4.0801
14.507650    4.1171
12.437620    3.9473
11.729400    3.6705
13.036590    3.9432
14.795560    4.0673
13.425030    4.0309
12.437620    3.9723
11.729400    3.5239
13.036590    3.4499
14.795560    3.7447
13.425030    3.7663
12.164120    3.7693
13.223600    3.7180
13.577900    3.8579
13.643900    3.5446
12.140980    3.6000
12.164120    3.8153
13.223600    3.5646
13.577900    3.6627
13.643900    3.7392
12.140980    3.2072
12.192950    3.2799
15.146830    3.4015
14.349470    3.4329
12.276400    3.4318
10.920280    3.7011
12.192950    3.7446
15.146830    3.7476
14.349470    3.5764
12.276400    3.1495
10.920280    3.2852
12.227470    3.2178
16.733200    3.0269
15.259110    3.2471
12.368580    3.1859
9.259177    3.2433
12.227470    3.0991
16.733200    3.2551
15.259110    3.0915
12.368580    3.1645
9.259177    3.2160
11.856100    3.1137
17.285890    3.2404
16.266620    3.0979
12.573040    3.4745
8.202733    3.7535
11.856100    3.5910
17.285890    3.7047
16.266620    3.6429
12.573040    4.3690
8.202733    3.4439
10.802310    3.8059
17.818480    3.5994
16.413420    3.4557
12.325340    3.3532
7.606799    3.8663
10.802310    3.3953
17.818480    3.5778
16.413420    3.5867
12.325340    3.7395
7.606799    3.7761
9.918460    3.4401
19.013380    3.3745
17.421320    4.0396
12.719850    3.4135
6.135357    3.6153
9.918460    3.7016
19.013380    3.8190
17.421320    3.6873
12.719850    4.1263
6.135357    4.1535
8.522130    6.9500
19.232260    3.5976
18.967490    3.5172
13.756190    3.6675
5.340650    3.5333
8.522130    3.4317
19.232260    3.6472
18.967490    3.7512
13.756190    3.5325
5.340650    3.3746
6.846611    3.6025
19.189020    3.7935
20.026970    3.9891
15.123690    3.4300
4.695782    3.4195
6.846611    3.4770
19.189020    3.7091
20.026970    3.7847
15.123690    3.9570
4.695782    4.2334
3.961772    4.2434
1.171764    3.4171
17.755130    3.5452
22.497190    3.6828
20.594070    3.6925
3.961772    3.6893
1.171764    3.4978
17.755130    3.3347
22.497190    3.3936
20.594070    3.6527
5.078913    3.5077
1.508613    3.6373
16.540120    4.2111
22.272630    3.4817
20.720770    3.8732
5.078913    3.3132
1.508613    3.5155
16.540120    3.7392
22.272630    4.0090
20.720770    3.2830
6.314026    3.8298
1.620896    3.4734
14.749280    3.5129
22.125820    3.4289
20.769700    3.5079
6.314026    3.7620
1.620896    3.5324
14.749280    3.1505
22.125820    3.3064
20.769700    3.1503
7.690252    3.4619
2.323424    3.6014
13.289600    3.7234
21.345530    3.4284
20.867570    3.6758
7.690252    3.4156
2.323424    3.5466
13.289600    3.4111
21.345530    3.3598
20.867570    3.4399
9.578959    3.1107
3.524018    3.0687
12.555590    3.2213
19.701500    3.3984
20.438540    3.5709
9.578959    3.2709
3.524018    3.5604
12.555590    3.2369
19.701500    3.3304
20.438540    3.7733
10.459770    3.3079
4.528876    3.2186
11.329200    3.5338
18.808920    3.5549
20.116110    3.5304
10.459770    4.1484
4.528876    3.8753
11.329200    3.8365
18.808920    3.7320
20.116110    3.5340
11.573880    3.4140
6.187328    3.4942
9.987498    4.5707
17.403860    3.8844
19.520180    3.4860
11.573880    3.7828
6.187328    3.6754
9.987498    3.7905
17.403860    3.3465
19.520180    3.4911
13.266850    3.6720
7.402337    3.6703
9.973083    3.3529
16.969150    3.7429
18.031670    3.3696
13.266850    3.4603
7.402337    4.2698
9.973083    3.8425
16.969150    3.4925
18.031670    3.6018
14.481860    3.2155
8.159488    3.4360
10.318660    3.5609
16.281030    4.0245
17.182340    6.9711
14.481860    3.7499
8.159488    3.8675
10.318660    3.4585
16.281030    4.0651
17.182340    3.9461
14.755350    3.3755
9.794799    3.7184
10.572050    3.8470
14.484510    3.6325
16.255240    4.1633
14.755350    3.8562
9.794799    3.3980
10.572050    3.6316
14.484510    3.5615
16.255240    3.1634
14.262980    3.0260
11.309100    3.6450
11.245750    3.3710
14.072930    3.4560
14.688970    3.2637
14.262980    3.1508
11.309100    3.2784
11.245750    3.1485
14.072930    3.0246
14.688970    3.4309
14.453020    3.1086
12.495280    3.3480
11.948280    3.5519
13.609380    3.6328
13.439440    3.3366
14.453020    3.7036
12.495280    3.3398
11.948280    4.1625
13.609380    3.6865
13.439440    3.4854
14.101760    3.4128
14.257290    3.4209
12.103810    3.5007
11.853060    3.8392
12.224430    3.4306
14.101760    3.5666
14.257290    3.5482
12.103810    3.9766
11.853060    3.6895
12.224430    3.6444
13.759220    3.7781
16.131580    3.6525
12.938720    3.4317
11.061390    3.6042
10.842520    3.7131
13.759220    3.5624
16.131580    3.4750
12.938720    3.8153
11.061390    4.0593
10.842520    3.6351
13.554760    3.5830
17.337860    3.3172
14.398400    3.6337
10.923320    3.4955
9.138168    3.5517
13.554760    3.4150
17.337860    3.5081
14.398400    3.8506
10.923320    3.7560
9.138168    3.6060
13.209190    3.7969
17.982730    3.5112
15.777280    3.8318
11.591330    3.5796
7.808224    3.7506
13.209190    3.3854
17.982730    3.4254
15.777280    3.4526
11.591330    3.9162
7.808224    3.8013
12.388690    4.0615
19.393480    4.3213
15.754140    3.5805
10.494290    4.5495
6.924375    4.2103
12.388690    3.5380
19.393480    3.7457
15.754140    3.5287
10.494290    3.8477
6.924375    3.6312
11.046980    3.4138
20.306160    3.2053
16.851180    3.4837
10.937730    3.8368
5.749574    3.8327
11.046980    3.8007
20.306160    4.0008
16.851180    4.2441
10.937730    3.5061
5.749574    3.5091
9.967394    3.7219
20.608490    3.4804
19.177640    3.4361
11.968380    3.5790
4.315688    3.3076
9.967394    3.4904
20.608490    3.9066
19.177640    4.2721
11.968380    7.2663
4.315688    3.5177
8.242941    3.7423
20.657420    3.2746
19.865750    3.5500
13.111320    3.2039
3.495188    3.4337
8.242941    3.4252
20.657420    3.9869
19.865750    3.8986
13.111320    3.8317
3.495188    3.4818
5.493526    3.6517
0.469236    3.6662
16.188860    3.7631
22.482780    3.7481
21.633450    3.6784
5.493526    3.6448
0.469236    3.6334
16.188860    3.7713
22.482780    2.9300
21.633450    3.2823
6.362960    3.3386
0.644868    4.1099
14.173450    3.7308
22.174760    3.5681
21.696800    3.3892
6.362960    3.3181
0.644868    3.4207
14.173450    3.4603
22.174760    3.5877
21.696800    3.6334
8.006997    3.2320
0.806085    3.6063
12.785850    3.5392
22.062480    3.7284
21.647860    3.5328
8.006997    3.5808
0.806085    3.0015
12.785850    3.0760
22.062480    3.0613
21.647860    3.3373
9.886978    3.5675
1.571962    3.5095
11.501800    3.3906
21.149800    3.8277
21.696800    3.4040
9.886978    3.7974
1.571962    3.4475
11.501800    3.5071
21.149800    4.0049
21.696800    3.4492
11.162300    3.2932
3.377216    3.8323
9.601715    4.0537
19.407890    3.7353
21.682380    3.4318
11.162300    3.6162
3.377216    3.6636
9.601715    3.3085
19.407890    3.4986
21.682380    3.9115
12.359860    3.4202
4.318725    3.1697
8.902224    3.5235
17.804060    3.5266
20.755290    3.3445
12.359860    3.6110
4.318725    3.4026
8.902224    3.4177
17.804060    3.4998
20.755290    3.2311
14.867640    3.4316
6.040526    3.4511
7.966404    3.2115
16.828040    3.6289
20.461680    3.6377
14.867640    3.5322
6.040526    3.5302
7.966404    3.6352
16.828040    3.5808
20.461680    3.9146
15.595960    3.4410
6.938790    3.5398
8.268734    3.3960
15.826210    3.8095
19.217840    3.7121
15.595960    3.6904
6.938790    3.9601
8.268734    3.5500
15.826210    3.5096
19.217840    3.3485
15.947220    3.7765
8.096139    3.5184
9.244762    4.0944
15.235970    3.7278
17.841620    3.6076
15.947220    3.4444
8.096139    3.8422
9.244762    3.4944
15.235970    3.8148
17.841620    3.2642
16.102750    3.7374
9.858148    3.8567
9.659375    6.7264
13.517210    3.6008
16.977870    3.7248
16.102750    4.1664
9.858148    3.9090
9.659375    3.8217
13.517210    3.2353
16.977870    3.0865
16.468430    3.1093
11.021190    3.1296
9.961705    3.5775
12.731220    3.1268
15.621750    3.1534
16.468430    3.1860
11.021190    3.2781
9.961705    3.5438
12.731220    3.6998
15.621750    3.4614
16.059510    3.1930
12.290820    4.1297
10.445360    4.3166
11.657330    3.6946
14.162070    3.4911
16.059510    3.7279
12.290820    3.4338
10.445360    3.3035
11.657330    3.4512
14.162070    3.4097
16.517360    3.2936
14.657490    3.3676
10.923320    3.4112
10.787890    3.1990
13.079450    4.0009
16.517360    3.9071
14.657490    3.5972
10.923320    3.6643
10.787890    3.4716
13.079450    3.4999
15.921430    3.9405
16.566300    3.6791
11.801480    3.4082
9.264866    3.5149
11.521900    3.5284
15.921430    3.6200
16.566300    3.7625
11.801480    3.5324
9.264866    3.6093
11.521900    3.4155
15.316770    3.4355
17.766890    3.7864
13.099940    3.6135
9.342630    3.9066
9.569848    3.6745
15.316770    4.1369
17.766890    3.7955
13.099940    3.4793
9.342630    3.3649
9.569848    3.3602
14.732210    3.4729
18.572980    3.3117
14.683280    3.3151
9.478054    3.2106
7.799498    3.0893
14.732210    3.5984
18.572980    3.4720
14.683280    3.5226
9.478054    3.9400
7.799498    4.2683
13.756190    3.6439
20.182500    3.5935
15.523880    3.3788
8.683347    3.5344
7.223668    4.1520
13.756190    3.7837
20.182500    3.7030
15.523880    3.8024
8.683347    3.6947
7.223668    3.9532
13.165940    3.6958
21.247660    3.4320
16.494220    3.8144
9.316837    3.3771
5.939621    3.7913
13.165940    3.6210
21.247660    3.8451
16.494220    3.8463
9.316837    3.5292
5.939621    3.6036
11.334890    4.2962
21.731320    3.5495
18.558560    3.6085
9.976120    3.4345
3.529707    3.5405
11.334890    4.0401
21.731320    4.1481
18.558560    3.8301
9.976120    3.8141
3.529707    3.7684
10.050850    3.7576
21.955880    3.5865
19.690120    3.3874
11.455900    3.9719
2.602613    3.7442
10.050850    3.5241
21.955880    8.0889
19.690120    4.2371
11.455900    3.5197
2.602613    3.6991
6.553007    3.5981
0.371368    3.4545
13.577520    3.8708
22.370500    3.8855
22.497190    4.1446
6.553007    3.9633
0.371368    3.7577
13.577520    3.0596
22.370500    3.4233
22.497190    3.3431
8.329431    3.5330
0.595934    3.6971
12.414480    4.1707
22.223690    3.7481
22.448260    3.8620
8.329431    3.4870
0.595934    3.8597
12.414480    3.6602
22.223690    3.9983
22.448260    3.5141
10.048190    3.4033
0.806085    3.4258
10.851240    3.5129
21.745730    4.5303
22.448260    3.8748
10.048190    4.0265
0.806085    3.6185
10.851240    3.6563
21.745730    3.5636
22.448260    3.5000
11.386860    4.0583
1.571962    3.9247
8.801319    4.1043
20.320570    3.5032
22.399320    3.8794
11.386860    4.1174
1.571962    3.9412
8.801319    3.5923
20.320570    4.0060
22.399320    3.8266
13.160250    3.5236
3.489499    3.5445
7.439508    4.0140
19.027800    4.4546
22.384910    3.7936
13.160250    3.7136
3.489499    3.9162
7.439508    4.1807
19.027800    3.5870
22.384910    3.7207
15.668030    3.7217
4.811102    3.6101
7.096970    3.5392
17.087120    3.7623
21.541270    4.0893
15.668030    3.4331
4.811102    3.5792
7.096970    3.3216
17.087120    3.9200
21.541270    3.3029
16.263970    3.3367
6.279507    3.4165
6.731291    3.4737
16.056470    3.3174
21.120970    3.6860
16.263970    3.6003
6.279507    3.3703
6.731291    3.4819
16.056470    3.5518
21.120970    3.2840
16.923250    3.8110
7.324573    3.2988
7.004791    3.3626
15.558400    3.4159
19.808090    3.3835
16.923250    3.2738
7.324573    3.7123
7.004791    3.3937
15.558400    3.6489
19.808090    3.2840
17.084470    3.8671
8.481922    3.6301
7.790772    3.6488
13.966340    3.4800
18.529730    3.4461
17.084470    3.2681
8.481922    3.8511
7.790772    3.6407
13.966340    3.5173
18.529730    3.3076
17.527910    3.6377
10.405150    3.2998
8.093102    3.3669
12.549900    3.4814
17.645880    4.2731
17.527910    3.7406
10.405150    4.0039
8.093102    3.3548
12.549900    3.7778
17.645880    3.7516
17.850340    7.0938
11.674780    3.3379
8.234215    3.7301
11.651640    3.8231
16.353110    3.6173
17.850340    3.4261
11.674780    3.8114
8.234215    3.4582
11.651640    3.5989
16.353110    3.3007
18.308200    3.2310
13.007760    3.1542
9.434809    3.4696
10.246580    3.0837
14.801250    3.3587
18.308200    3.6016
13.007760    3.7184
9.434809    3.4586
10.246580    3.5347
14.801250    3.2841
17.928110    3.7059
15.282250    3.2713
9.659375    3.7596
8.406810    3.2155
13.718630    3.6490
17.928110    3.4141
15.282250    3.7503
9.659375    3.2195
8.406810    3.8422
13.718630    3.4953
17.977040    3.4215
17.219890    3.7542
10.811040    3.5711
8.093102    3.7074
12.420170    3.6315
17.977040    3.3391
17.219890    3.3565
10.811040    3.5699
8.093102    3.8560
12.420170    3.0863
17.381110    3.1960
18.103740    3.0855
11.982800    3.2178
8.093102    3.1595
10.433590    3.2503
17.381110    3.0961
18.103740    3.1457
11.982800    3.2145
8.093102    3.1405
10.433590    3.2781
16.312900    3.0458
18.973180    3.4508
13.871510    3.4593
7.425093    3.3904
8.513404    3.4221
16.312900    3.7078
18.973180    3.6355
13.871510    3.7078
7.425093    3.6527
8.513404    3.4759
15.679410    3.7936
20.948370    3.5641
15.181350    3.5383
6.941442    3.4646
7.589347    3.8947
15.679410    3.5358
20.948370    4.0356
15.181350    3.4269
6.941442    3.4398
7.589347    3.4175
14.429880    3.8725
21.866740    3.4475
16.206310    3.7183
7.442545    3.3952
6.374338    3.6917
14.429880    3.4529
21.866740    3.6978
16.206310    4.0296
7.442545    3.8598
6.374338    3.4249
13.488370    3.6050
22.287040    3.1502
17.714920    3.5161
8.467507    3.5173
3.978839    3.6631
13.488370    3.6520
22.287040    3.7769
17.714920    3.1285
8.467507    3.3100
3.978839    3.1203
11.769610    3.1383
22.399320    3.1127
19.402200    3.1285
9.414705    2.9539
2.953877    3.1569
11.769610    3.5093
22.399320    3.5558
19.402200    3.4281
9.414705    3.6807
2.953877    3.3808
8.856327    3.9366
0.498066    3.8415
11.881890    3.4802
22.370500    3.3121
22.595060    6.9459
8.856327    4.2699
0.498066    3.4011
11.881890    3.1512
22.370500    3.4329
22.595060    3.2247
10.195000    3.3549
0.595934    3.6871
9.909734    3.4290
22.223690    3.9554
22.595060    3.6424
10.195000    3.7176
0.595934    3.4337
9.909734    3.3110
22.223690    3.3268
22.595060    3.3673
11.884930    3.1802
0.996132    3.2907
8.239904    3.6279
21.408880    3.4318
22.546130    3.3310
11.884930    3.4397
0.996132    3.3131
8.239904    3.6484
21.408880    3.3151
22.546130    3.1980
13.750500    3.1366
2.021094    3.5019
6.814744    3.3696
19.715910    3.5401
22.497190    3.7056
13.750500    3.5635
2.021094    3.5674
6.814744    3.4386
19.715910    3.3713
22.497190    3.4531
15.794730    3.5838
3.728480    3.8185
5.936584    3.3771
18.316540    3.9724
22.433840    3.7946
15.794730    3.8374
3.728480    3.3384
5.936584    3.7129
18.316540    3.3776
22.433840    3.3085
16.678580    3.1585
5.113432    3.6302
5.686225    3.4089
16.701340    3.6967
21.765840    3.6886
16.678580    3.8673
5.113432    3.4097
5.686225    3.8962
16.701340    3.3643
21.765840    3.6317
17.288930    3.4631
6.743054    3.3478
5.847442    3.8942
15.754140    4.0088
21.331120    3.6927
17.288930    3.1522
6.743054    3.2552
5.847442    3.0692
15.754140    3.2702
21.331120    3.2889
17.977040    3.2780
7.436856    3.6378
5.389584    3.4221
14.709070    3.9597
20.306160    4.1705
17.977040    3.6537
7.436856    3.7631
5.389584    3.4234
14.709070    3.6903
20.306160    3.5319
18.650740    3.8050
8.988714    3.1417
6.204395    3.3669
12.990310    3.4502
18.754300    4.2077
18.650740    3.6109
8.988714    3.1644
6.204395    3.0208
12.990310    3.5493
18.754300    3.1510
19.099870    3.4240
10.923320    3.4018
6.667942    3.6231
11.778340    3.7662
17.904970    3.8586
19.099870    3.6265
10.923320    3.9573
6.667942    3.7551
11.778340    3.5067
17.904970    3.3601
19.402200    3.4403
11.884930    3.2719
7.096970    3.8447
10.563330    3.5208
16.704370    3.5017
19.402200    3.5123
11.884930    3.6240
7.096970    3.7216
10.563330    7.2349
16.704370    4.0237
19.641180    3.3963
13.730390    3.2822
7.931885    4.1205
8.835838    3.3903
15.138100    3.7666
19.641180    4.6904
13.730390    4.0712
7.931885    4.4771
8.835838    3.5080
15.138100    3.8172
19.718950    3.3598
15.892600    3.8170
8.781215    3.8799
7.522961    3.6048
13.908680    3.5019
19.718950    4.0060
15.892600    3.5402
8.781215    3.9468
7.522961    3.5774
13.908680    3.6268
19.333160    3.9130
17.542330    3.4065
9.829318    3.2878
6.526829    3.6288
12.722500    3.4142
19.333160    4.0094
17.542330    4.1575
9.829318    3.4790
6.526829    4.0944
12.722500    3.3651
18.734190    3.5532
18.460690    3.3406
10.932040    3.4552
6.667942    3.6640
11.150540    3.7408
18.734190    3.5091
18.460690    3.5574
10.932040    3.9314
6.667942    4.0226
11.150540    4.1093
18.123840    3.5353
19.514490    4.1790
13.206530    3.4900
5.521971    3.5885
8.821423    3.2193
18.123840    3.5979
19.514490    3.3329
13.206530    3.6442
5.521971    3.6453
8.821423    3.8672
16.684270    3.5418
21.305320    3.3609
14.858910    3.2166
5.360754    3.6065
7.799498    3.6666
16.684270    3.6950
21.305320    3.7414
14.858910    3.5517
5.360754    3.4756
7.799498    3.6430
15.855040    3.7280
22.160340    3.6135
15.391500    3.9036
5.608461    3.4002
6.325404    3.5535
15.855040    3.6271
22.160340    3.4525
15.391500    3.8444
5.608461    3.9021
6.325404    3.4985
14.703380    3.5629
22.546130    3.4673
16.900110    3.4534
6.705498    3.8720
4.203405    3.4856
14.703380    3.5004
22.546130    3.6855
16.900110    3.4002
6.705498    3.5663
4.203405    3.2263
13.874160    3.4114
22.546130    3.3492
19.065350    3.8321
8.047205    3.2616
3.192858    3.9424
13.874160    3.3479
22.546130    3.6561
19.065350    3.3470
8.047205    3.4586
3.192858    3.4111
10.600880    3.5340
0.385783    3.4314
8.864668    3.5638
22.272630    3.6134
22.692930    3.5320
10.600880    3.7131
0.385783    3.4828
8.864668    2.9059
22.272630    3.6448
22.692930    3.0187
12.241880    3.0921
0.532585    3.1848
7.643970    3.7967
22.111410    7.2187
22.692930    3.4888
12.241880    3.6813
0.532585    3.6594
7.643970    3.3311
22.111410    3.1594
22.692930    3.5407
14.165110    3.3802
1.235113    3.7803
6.365612    3.7207
21.149800    3.7652
22.692930    3.4761
14.165110    3.4185
1.235113    3.5978
6.365612    3.3347
21.149800    3.1067
22.692930    3.4467
16.004880    3.3761
2.864735    3.5327
5.628565    3.4204
19.407890    3.9020
22.546130    3.6468
16.004880    4.3157
2.864735    3.6204
5.628565    3.5727
19.407890    3.6438
22.546130    3.8610
16.776450    3.8395
3.996291    3.4820
5.018216    4.2270
17.628430    4.1284
22.546130    4.0264
16.776450    3.4827
3.996291    3.5559
5.018216    3.6547
17.628430    3.6255
22.546130    3.5411
17.464560    3.4027
5.752611    3.2020
4.569084    3.5884
16.427840    3.4294
21.892530    3.5535
17.464560    3.9634
5.752611    3.4753
4.569084    3.4351
16.427840    3.5591
21.892530    3.3708
18.328310    3.4673
6.953205    4.0899
4.661263    3.2787
15.333840    3.6899
21.282180    3.6284
18.328310    3.6994
6.953205    3.6995
4.661263    3.6121
15.333840    3.3461
21.282180    3.5711
18.953070    3.4901
7.822639    3.7847
4.013358    3.8743
14.084310    4.1794
20.798530    3.8655
18.953070    3.5419
7.822639    4.1513
4.013358    3.6898
14.084310    3.3650
20.798530    3.2998
19.690120    3.4782
9.731450    3.7565
4.554669    3.7883
12.140980    3.5263
19.071040    3.6603
19.690120    3.3653
9.731450    3.8969
4.554669    3.3887
12.140980    3.6859
19.071040    3.4525
20.300470    3.5096
11.245750    3.3107
5.481763    3.3540
10.885760    3.4798
18.017250    4.0470
20.300470    3.6380
11.245750    3.5515
5.481763    3.4036
10.885760    3.5898
18.017250    3.5425
20.812950    3.4040
12.578730    3.2103
6.063282    3.3942
9.475017    3.6273
16.865590    4.0151
20.812950    3.9584
12.578730    3.5332
6.063282    3.6607
9.475017    3.5672
16.865590    3.3640
20.700660    3.5547
14.432920    3.8997
7.131489    3.4887
8.029753    3.4564
15.411600    3.2983
20.700660    3.4581
14.432920    7.1012
7.131489    3.6420
8.029753    3.4045
15.411600    3.2528
20.568280    3.2724
16.566300    3.4559
8.072998    3.3159
6.282159    3.4872
14.239840    3.8127
20.568280    3.5897
16.566300    3.5864
8.072998    3.7371
6.282159    3.6368
14.239840    3.3763
20.573970    3.6951
18.025980    3.2940
9.043337    3.4427
5.833027    3.7254
12.912550    3.6260
20.573970    3.5287
18.025980    3.5451
9.043337    3.5441
5.833027    3.8593
12.912550    3.2433
19.949200    3.2323
18.685260    3.4107
10.356210    3.5607
5.116084    3.4055
11.599670    4.0720
19.949200    3.7006
18.685260    4.3198
10.356210    3.3418
5.116084    3.9381
11.599670    3.6790
18.944340    3.8320
20.504930    4.1108
11.893660    3.4142
3.765651    3.4778
9.374112    3.6313
18.944340    3.9147
20.504930    3.7792
11.893660    3.7192
3.765651    3.7016
9.374112    3.4983
18.524040    3.3720
21.711210    3.3378
14.165110    3.1119
4.042188    3.3287
7.750564    3.5182
18.524040    3.7215
21.711210    3.4438
14.165110    3.7797
4.042188    3.4196
7.750564    3.5477
17.231270    3.2900
22.356080    3.6197
15.342560    3.2560
4.246650    3.4951
6.774536    3.4805
17.231270    3.7794
22.356080    3.6542
15.342560    3.6043
4.246650    3.2484
6.774536    3.4851
16.318590    3.1527
22.644000    3.4394
16.543160    3.2461
5.159329    3.5592
5.188159    3.5150
16.318590    3.7304
22.644000    3.4599
16.543160    4.0496
5.159329    3.7663
5.188159    4.1575
15.074750    4.2097
22.692930    3.5346
18.368520    3.6495
6.164187    3.6538
3.305141    3.6329
15.074750    3.4781
22.692930    3.6779
18.368520    3.3995
6.164187    3.7309
3.305141    3.6098
12.403100    2.9260
0.385783    3.2147
6.975961    3.8194
22.272630    3.6536
22.756280    4.0397
12.403100    3.8377
0.385783    3.5656
6.975961    2.9393
22.272630    2.7860
22.756280    2.6993
14.545200    3.1395
0.644868    3.2580
6.077697    3.5896
21.794660    4.2316
22.756280    4.4024
14.545200    3.5830
0.644868    3.8799
6.077697    3.2251
21.794660    3.3624
22.756280    3.1972
16.263970    3.2442
1.298462    6.7775
5.306131    3.6292
20.257220    3.6649
22.756280    3.6792
16.263970    3.7854
1.298462    3.3585
5.306131    3.6503
20.257220    3.5910
22.756280    3.4465
17.064360    2.9833
3.103716    3.3237
4.842584    3.5782
19.013380    3.7575
22.707340    3.5048
17.064360    3.9099
3.103716    3.3905
4.842584    3.6886
19.013380    3.5189
22.707340    3.4230
17.772580    2.9863
4.382074    3.4006
4.042188    3.4908
16.974840    3.6260
22.658410    3.3292
17.772580    3.2965
4.382074    3.0756
4.042188    3.2086
16.974840    3.1747
22.658410    3.2988
18.650740    3.2065
6.026111    3.4833
3.227377    3.3245
15.831900    3.5031
22.546130    3.5228
18.650740    3.7776
6.026111    3.3860
3.227377    3.1237
15.831900    3.1279
22.546130    3.5296
19.050940    3.1075
7.148941    3.5060
3.109405    3.8610
15.172620    3.6646
21.590200    3.6835
19.050940    3.8112
7.148941    3.3771
3.109405    3.9934
15.172620    3.3509
21.590200    3.4373
20.251530    3.3872
8.257356    3.5214
3.129509    3.3067
13.410610    4.2049
21.086450    3.7116
20.251530    3.7197
8.257356    3.7661
3.129509    3.5147
13.410610    3.7228
21.086450    3.5107
20.666150    3.5402
10.278450    3.3642
3.403009    3.4989
11.657330    3.7788
19.646870    3.8709
20.666150    3.5171
10.278450    4.1097
3.403009    3.6533
11.657330    3.5017
19.646870    3.5257
21.354260    3.1661
11.568190    3.4478
4.491320    3.6936
10.387700    3.2990
18.270650    3.4371
21.354260    3.8550
11.568190    3.1677
4.491320    3.1400
10.387700    3.2624
18.270650    3.6094
21.466540    3.3758
12.852230    3.4177
5.340650    3.4980
8.484574    3.2150
17.343550    3.6029
21.466540    3.3912
12.852230    3.6513
5.340650    3.6585
8.484574    3.7704
17.343550    3.4741
21.598930    3.2976
14.867640    3.2796
6.100838    3.3903
6.575763    3.8525
15.889560    4.1589
21.598930    3.5148
14.867640    3.8408
6.100838    4.0496
6.575763    3.6820
15.889560    3.6294
21.443400    3.3819
17.191060    3.5421
7.652696    3.5642
5.432829    4.1637
14.493230    7.5122
21.443400    3.7728
17.191060    3.8236
7.652696    3.4388
5.432829    3.6851
14.493230    3.5924
21.120970    3.0586
18.074910    3.2134
8.389743    3.2419
4.998112    3.8438
13.396200    3.6018
21.120970    3.2736
18.074910    3.2701
8.389743    3.4746
4.998112    3.4937
13.396200    3.6463
20.749600    3.6048
18.895410    3.4976
9.892667    3.6675
3.788792    3.5843
12.048800    3.6929
20.749600    3.7525
18.895410    3.4846
9.892667    3.7459
3.788792    3.6565
12.048800    3.3194
20.412750    3.3518
20.905130    3.2926
11.303410    3.3978
2.910632    3.7668
9.998876    3.5667
20.412750    3.5685
20.905130    3.8698
11.303410    3.5666
2.910632    3.7579
9.998876    3.8556
19.266780    3.1940
21.984710    4.0266
13.500140    3.5800
2.602613    3.4518
8.058583    3.4454
19.266780    3.9424
21.984710    3.5115
13.500140    4.3126
2.602613    4.1517
8.058583    3.8518
18.621910    3.2043
22.531710    3.4110
15.069060    3.3693
3.172754    3.4022
7.223668    3.8302
18.621910    3.3412
22.531710    3.2503
15.069060    3.5710
3.172754    3.7508
7.223668    3.5732
17.596950    2.9821
22.707340    3.3785
16.269660    3.1006
3.958735    3.3940
6.002970    3.4515
17.596950    3.9569
22.707340    3.6472
16.269660    3.8582
3.958735    3.3724
6.002970    3.3072
16.381940    3.1056
22.756280    3.5308
17.490360    3.2424
4.759131    3.3019
3.593056    3.2647
16.381940    3.3389
22.756280    3.6057
17.490360    3.5979
4.759131    3.3163
3.593056    18.1736
